1 0.110156 0.389062 0.129688 0.193750
1 0.967969 0.219531 0.029687 0.032813
1 0.738281 0.191406 0.026562 0.045312
1 0.689063 0.171875 0.043750 0.062500
1 0.655469 0.294531 0.057813 0.092188
1 0.760938 0.248438 0.093750 0.090625
1 0.819531 0.265625 0.051562 0.078125
1 0.888281 0.311719 0.029687 0.064062
1 0.533594 0.253906 0.095312 0.142187
1 0.499219 0.190625 0.054688 0.103125
1 0.445312 0.175000 0.050000 0.056250
1 0.398438 0.199219 0.040625 0.032813
1 0.317969 0.184375 0.035937 0.021875
1 0.235937 0.171094 0.118750 0.126562
0 0.981250 0.287500 0.037500 0.075000
0 0.873437 0.410938 0.081250 0.159375
0 0.925781 0.414062 0.048438 0.118750
0 0.784375 0.432812 0.134375 0.218750
0 0.685937 0.448437 0.062500 0.243750
0 0.600781 0.468750 0.164062 0.265625
0 0.432812 0.271094 0.068750 0.101562
0 0.373437 0.296094 0.062500 0.079687
0 0.310937 0.474219 0.178125 0.335938
0 0.134375 0.591406 0.156250 0.329688
