1 0.466406 0.460938 0.045312 0.043750
0 0.454688 0.593750 0.053125 0.165625
1 0.980469 0.516406 0.039062 0.060937
1 0.942187 0.525000 0.059375 0.062500
1 0.902344 0.552344 0.045312 0.054688
1 0.871875 0.508594 0.025000 0.035937
1 0.842187 0.484375 0.040625 0.053125
1 0.799219 0.500781 0.085938 0.085938
1 0.697656 0.507031 0.057813 0.054688
1 0.635938 0.478906 0.062500 0.076563
1 0.545312 0.548438 0.056250 0.075000
0 0.709375 0.664062 0.056250 0.203125
0 0.656250 0.738281 0.093750 0.310937
0 0.547656 0.757812 0.095312 0.278125
0 0.985156 0.677344 0.029687 0.207813
0 0.957031 0.705469 0.064062 0.239063
0 0.909375 0.682031 0.046875 0.160938
0 0.864062 0.614844 0.056250 0.123438
0 0.825781 0.796094 0.114062 0.373437
