1 0.434375 0.528125 0.025000 0.025000
1 0.508594 0.431250 0.048438 0.050000
1 0.537500 0.451562 0.025000 0.028125
1 0.641406 0.420312 0.042188 0.037500
1 0.696094 0.496094 0.039062 0.039062
1 0.402344 0.489844 0.029687 0.042188
1 0.359375 0.478125 0.040625 0.037500
1 0.291406 0.422656 0.045312 0.042188
0 0.416406 0.621875 0.035937 0.162500
0 0.367188 0.607812 0.068750 0.168750
0 0.302344 0.575781 0.073438 0.198437
0 0.507812 0.600000 0.081250 0.209375
0 0.645312 0.587500 0.084375 0.218750
0 0.707812 0.627344 0.053125 0.157812
