1 0.151562 0.078125 0.300000 0.153125
1 0.319531 0.205469 0.114062 0.095312
1 0.393750 0.214062 0.078125 0.096875
1 0.564063 0.260937 0.084375 0.093750
1 0.726562 0.321875 0.096875 0.118750
1 0.852344 0.397656 0.114062 0.114062
1 0.923438 0.082031 0.153125 0.160938
0 0.133594 0.717187 0.264062 0.565625
0 0.537500 0.517188 0.150000 0.306250
0 0.690625 0.559375 0.134375 0.309375
0 0.844531 0.585156 0.114062 0.123438
0 0.877344 0.792969 0.242188 0.414062
0 0.275000 0.494531 0.143750 0.329688
0 0.363281 0.514062 0.076563 0.340625
