1 0.130469 0.202344 0.067187 0.057813
1 0.080469 0.178906 0.051562 0.051562
1 0.353125 0.217969 0.050000 0.057813
1 0.452344 0.233594 0.048438 0.045312
1 0.502344 0.174219 0.070312 0.085938
1 0.562500 0.214844 0.040625 0.051562
1 0.621875 0.229687 0.034375 0.040625
1 0.665625 0.224219 0.081250 0.114062
1 0.735938 0.215625 0.065625 0.071875
1 0.891406 0.212500 0.089063 0.100000
1 0.859375 0.153125 0.034375 0.034375
0 0.085938 0.260937 0.062500 0.090625
0 0.139063 0.410156 0.131250 0.279687
0 0.347656 0.375781 0.101562 0.201563
0 0.439063 0.350000 0.034375 0.150000
0 0.492188 0.382812 0.096875 0.253125
0 0.550781 0.346875 0.067187 0.203125
0 0.612500 0.292187 0.043750 0.040625
0 0.664062 0.439063 0.146875 0.296875
0 0.757031 0.402344 0.076563 0.223438
0 0.848437 0.240625 0.040625 0.103125
