1 0.621094 0.333594 0.054688 0.048438
1 0.443750 0.267969 0.050000 0.057813
1 0.224219 0.376563 0.042188 0.046875
1 0.300000 0.646094 0.034375 0.045312
1 0.434375 0.608594 0.043750 0.067187
1 0.500000 0.642188 0.037500 0.040625
1 0.395313 0.684375 0.025000 0.034375
1 0.528906 0.661719 0.026562 0.020313
1 0.665625 0.674219 0.028125 0.051562
0 0.222656 0.521875 0.073438 0.171875
0 0.436719 0.396094 0.067187 0.160938
0 0.628906 0.501563 0.079687 0.203125
0 0.628906 0.759375 0.073438 0.190625
0 0.537500 0.780469 0.040625 0.126562
0 0.492969 0.772656 0.057813 0.167187
0 0.424219 0.757031 0.067187 0.201563
0 0.351562 0.778125 0.056250 0.156250
0 0.283594 0.778125 0.073438 0.168750
